image_width: 640
image_height: 480
camera_name: camera
camera_matrix:
  rows: 3
  cols: 3
  data: [488.9939355070887, 0, 314.4989235127753, 0, 488.0846167358264, 245.7267954616338, 0, 0, 1]
distortion_model: plumb_bob
distortion_coefficients:
  rows: 1
  cols: 5
  data: [-0.4159864435021203, 0.1519719075162442, 0.00101625156018358, 0.002121147186003505, 0]
rectification_matrix:
  rows: 3
  cols: 3
  data: [1, 0, 0, 0, 1, 0, 0, 0, 1]
projection_matrix:
  rows: 3
  cols: 4
  data: [383.2915344238281, 0, 314.2176324997145, 0, 0, 431.5184020996094, 247.4458038289686, 0, 0, 0, 1, 0]