image_width: 640
image_height: 360
camera_name: camera
camera_matrix:
  rows: 3
  cols: 3
  data: [405.97538240887934, 0.0, 315.87725142873734, 0.0, 405.02633858128036, 184.8622537842738, 0.0, 0.0, 1.0]
distortion_model: plumb_bob
distortion_coefficients:
  rows: 1
  cols: 5
  data: [-0.40246760731968206, 0.11802707403753185, -0.003712421494084827, 0.0006365387538551858, 0.0]
rectification_matrix:
  rows: 3
  cols: 3
  data: [0.9988205370771737, 0.001444643717424727, -0.04853295496254183, -0.0011751744884305397, 0.9999837390894213, 0.00558036931231323, 0.048540227417969, -0.005516752783093552, 0.9988059930541777]
projection_matrix:
  rows: 3
  cols: 4
  data: [378.85713743286226, 0.0, 353.44153594970703, 0.0, 0.0, 378.85713743286226, 177.8336582183838, 0.0, 0.0, 0.0, 1.0, 0.0]
