image_width: 640
image_height: 360
camera_name: camera
camera_matrix:
  rows: 3
  cols: 3
  data: [385.5954365961948, 0, 315.9355640857193, 0, 385.4179972534304, 186.2267648159254, 0, 0, 1]
distortion_model: plumb_bob
distortion_coefficients:
  rows: 1
  cols: 5
  data: [-0.4195470883348626, 0.1498989468225197, -0.004238178895192645, 0.0009741622167606523, 0]
rectification_matrix:
  rows: 3
  cols: 3
  data: [0.9997256554207083, -0.005601246709976962, -0.02274290942094146, 0.005713149254085361, 0.999971877853867, 0.004858335827367272, 0.02271505710395024, -0.004986936605262645, 0.9997295417481968]
projection_matrix:
  rows: 3
  cols: 4
  data: [356.191092842368, 0, 332.8793678283691, 0, 0, 356.191092842368, 178.8040752410889, 0, 0, 0, 1, 0]