cam_model: ATAN
cam_width: 640
cam_height: 480
cam_fx: 693.8714501977871
cam_fy: 694.7900140621849
cam_cx: 323.6450479317695
cam_cy: 278.7328875935064
cam_d0: 0.1816411656155316
cam_d1: -0.1318442340730171
cam_d2: 0.01708549279931634
cam_d3: -0.003161120265211403
