cam_model: ATAN
cam_width: 640
cam_height: 480
cam_fx: 620.2700793447779
cam_fy: 618.5878642829778
cam_cx: 319.2393294759154
cam_cy: 230.6076214269615
cam_d0: 0.1649156393673337
cam_d1: -0.2296436075152693
cam_d2: -0.0165257223241886
cam_d3: -0.00966876182623869
