image_width: 640
image_height: 360
camera_name: camera
camera_matrix:
  rows: 3
  cols: 3
  data: [409.19618867986816, 0.0, 316.1186875019289, 0.0, 408.45961045732156, 180.05383908128192, 0.0, 0.0, 1.0]
distortion_model: plumb_bob
distortion_coefficients:
  rows: 1
  cols: 5
  data: [-0.40064895360477004, 0.11582428314458575, -0.004804200638101309, 0.0010408167887185507, 0.0]
rectification_matrix:
  rows: 3
  cols: 3
  data: [0.998218935910995, 0.0018453901285967428, -0.059628437209052934, -0.0021764587625635904, 0.9999825738068714, -0.005487723557154227, 0.05961727112150932, 0.0056077284044578094, 0.998205557170549]
projection_matrix:
  rows: 3
  cols: 4
  data: [378.85713743286226, 0.0, 353.44153594970703, -23.35748383608073, 0.0, 378.85713743286226, 177.8336582183838, 0.0, 0.0, 0.0, 1.0, 0.0]
