image_width: 640
image_height: 360
camera_name: camera
camera_matrix:
  rows: 3
  cols: 3
  data: [388.5608470549644, 0, 316.6272602125621, 0, 388.3404586664236, 177.8750694043786, 0, 0, 1]
distortion_model: plumb_bob
distortion_coefficients:
  rows: 1
  cols: 5
  data: [-0.4169581392336822, 0.145728373025582, -0.00345675109398479, 0.001573314445906574, 0]
rectification_matrix:
  rows: 3
  cols: 3
  data: [0.9995882801516297, -0.003921623530407246, -0.02842342436077964, 0.003781633818202594, 0.9999804629967093, -0.004977235231737148, 0.02844238789504553, 0.004867699022410379, 0.9995835813362759]
projection_matrix:
  rows: 3
  cols: 4
  data: [356.191092842368, 0, 332.8793678283691, -21.76045607778884, 0, 356.191092842368, 178.8040752410889, 0, 0, 0, 1, 0]